0.000000 1 
0.000000 2 
0.000000 3 
0.000000 4 
0.000000 5 
0.000000 6 
0.000000 7 
0.000000 8 
0.000000 9 
0.000000 10 
0.000000 11 
0.000000 12 
0.000000 13 
0.000000 14 
0.000000 15 
0.000000 16 
0.000000 17 
0.000000 18 
0.000000 19 
0.000000 20 
0.000000 21 
0.000000 22 
0.000000 23 
0.000000 24 
0.000000 25 
0.000000 26 
0.000000 27 
0.000000 28 
0.000000 29 
0.000000 30 
0.000000 31 
0.000000 32 
0.000000 33 
0.000000 34 
0.000000 35 
0.000000 36 
0.000000 37 
0.000000 38 
0.000000 39 
0.000000 40 
0.000000 41 
0.000000 42 
0.000000 43 
0.000000 44 
0.000000 45 
0.000000 46 
0.000000 47 
0.000000 48 
0.000000 49 
0.000000 50 
0.000000 51 
0.000000 52 
0.000000 53 
0.000000 54 
0.000000 55 
0.000000 56 
0.000000 57 
0.000000 58 
0.000000 59 
0.000000 60 
0.000000 61 
0.000000 62 
0.000000 63 
0.000000 64 
0.000000 65 
0.000000 66 
0.000000 67 
0.000000 68 
0.000000 69 
0.000000 70 
0.000000 71 
0.000000 72 
0.000000 73 
0.000000 74 
0.000000 75 
0.000000 76 
0.000000 77 
0.000000 78 
0.000000 79 
0.000000 80 
0.000000 81 
0.000000 82 
0.000000 83 
0.000000 84 
0.000000 85 
0.000000 86 
0.000000 87 
0.000000 88 
0.000000 89 
0.000000 90 
0.000000 91 
0.000000 92 
0.000000 93 
0.000000 94 
0.000000 95 
0.000000 96 
0.000000 97 
0.000000 98 
0.000000 99 
0.000000 100 
0.000000 101 
0.000000 102 
0.000000 103 
0.000000 104 
0.000000 105 
0.000000 106 
0.000000 107 
0.000000 108 
0.000000 109 
0.000000 110 
0.000000 111 
0.000000 112 
0.000000 113 
0.000000 114 
0.000000 115 
0.000000 116 
0.000000 117 
0.000000 118 
0.000000 119 
0.000000 120 
0.000000 121 
0.000000 122 
0.000000 123 
0.000000 124 
0.000000 125 
0.000000 126 
0.000000 127 
0.000000 128 
0.000000 129 
0.000000 130 
0.000000 131 
0.000000 132 
0.000000 133 
0.000000 134 
0.000000 135 
0.000000 136 
0.000000 137 
0.000000 138 
0.000000 139 
0.000000 140 
0.000000 141 
0.000000 142 
0.000000 143 
0.000000 144 
0.000000 145 
0.000000 146 
0.000000 147 
0.000000 148 
0.000000 149 
0.000000 150 
0.000000 151 
0.000000 152 
0.000000 153 
0.000000 154 
0.000000 155 
0.000000 156 
0.000000 157 
0.000000 158 
0.000000 159 
0.000000 160 
0.000000 161 
0.000000 162 
0.000000 163 
0.000000 164 
0.000000 165 
0.000000 166 
0.000000 167 
0.000000 168 
0.000000 169 
0.000000 170 
0.000000 171 
0.000000 172 
0.000000 173 
0.000000 174 
0.000000 175 
0.000000 176 
0.000000 177 
0.000000 178 
0.000000 179 
0.000000 180 
0.000000 181 
0.000000 182 
0.000000 183 
0.000000 184 
0.000000 185 
0.000000 186 
0.000000 187 
0.000000 188 
0.000000 189 
0.000000 190 
0.000000 191 
0.000000 192 
0.000000 193 
0.000000 194 
0.000000 195 
0.000000 196 
0.000000 197 
0.000000 198 
0.000000 199 
0.000000 200 
0.000000 201 
0.000000 202 
0.000000 203 
0.000000 204 
0.000000 205 
0.000000 206 
0.000000 207 
0.000000 208 
0.000000 209 
0.000000 210 
0.000000 211 
0.000000 212 
0.000000 213 
0.000000 214 
0.000000 215 
0.000000 216 
0.000000 217 
0.000000 218 
0.000000 219 
0.000000 220 
0.000000 221 
0.000000 222 
0.000000 223 
0.000000 224 
0.000000 225 
0.000000 226 
0.000000 227 
0.000000 228 
0.000000 229 
0.000000 230 
0.000000 231 
0.000000 232 
0.000000 233 
0.000000 234 
0.000000 235 
0.000000 236 
0.000000 237 
0.000000 238 
0.000000 239 
0.000000 240 
0.000000 241 
0.000000 242 
0.000000 243 
0.000000 244 
0.000000 245 
0.000000 246 
0.000000 247 
0.000000 248 
0.000000 249 
0.000000 250 
0.000000 251 
0.000000 252 
0.000000 253 
0.000000 254 
0.000000 255 
0.000000 256 
0.000000 257 
0.000000 258 
0.000000 259 
0.000000 260 
0.000000 261 
0.000000 262 
0.000000 263 
0.000000 264 
0.000000 265 
0.000000 266 
0.000000 267 
0.000000 268 
0.000000 269 
0.000000 270 
0.000000 271 
0.000000 272 
0.000000 273 
0.000000 274 
0.000000 275 
0.000000 276 
0.000000 277 
0.000000 278 
0.000000 279 
0.000000 280 
0.000000 281 
0.000000 282 
0.000000 283 
0.000000 284 
0.000000 285 
0.000000 286 
0.000000 287 
0.000000 288 
0.000000 289 
0.000000 290 
0.000000 291 
0.000000 292 
0.000000 293 
0.000000 294 
0.000000 295 
0.000000 296 
0.000000 297 
0.000000 298 
0.000000 299 
0.000000 300 
0.000000 301 
0.016000 302 
0.016000 303 
0.016000 304 
0.016000 305 
0.016000 306 
0.016000 307 
0.016000 308 
0.016000 309 
0.016000 310 
0.016000 311 
0.016000 312 
0.016000 313 
0.016000 314 
0.016000 315 
0.016000 316 
0.016000 317 
0.016000 318 
0.016000 319 
0.016000 320 
0.016000 321 
0.016000 322 
0.016000 323 
0.016000 324 
0.016000 325 
0.016000 326 
0.016000 327 
0.016000 328 
0.016000 329 
0.016000 330 
0.016000 331 
0.016000 332 
0.016000 333 
0.016000 334 
0.016000 335 
0.016000 336 
0.016000 337 
0.016000 338 
0.016000 339 
0.016000 340 
0.016000 341 
0.016000 342 
0.016000 343 
0.016000 344 
0.016000 345 
0.016000 346 
0.016000 347 
0.016000 348 
0.016000 349 
0.016000 350 
0.016000 351 
0.016000 352 
0.016000 353 
0.016000 354 
0.016000 355 
0.016000 356 
0.016000 357 
0.016000 358 
0.016000 359 
0.016000 360 
0.016000 361 
0.016000 362 
0.016000 363 
0.016000 364 
0.016000 365 
0.016000 366 
0.016000 367 
0.016000 368 
0.016000 369 
0.016000 370 
0.016000 371 
0.016000 372 
0.016000 373 
0.016000 374 
0.016000 375 
0.016000 376 
0.016000 377 
0.016000 378 
0.016000 379 
0.016000 380 
0.016000 381 
0.016000 382 
0.016000 383 
0.016000 384 
0.016000 385 
0.016000 386 
0.016000 387 
0.016000 388 
0.016000 389 
0.016000 390 
0.016000 391 
0.016000 392 
0.016000 393 
0.016000 394 
0.016000 395 
0.016000 396 
0.016000 397 
0.016000 398 
0.016000 399 
0.016000 400 
0.016000 401 
0.016000 402 
0.016000 403 
0.016000 404 
0.016000 405 
0.016000 406 
0.016000 407 
0.016000 408 
0.016000 409 
0.016000 410 
0.016000 411 
0.016000 412 
0.016000 413 
0.016000 414 
0.016000 415 
0.016000 416 
0.016000 417 
0.016000 418 
0.016000 419 
0.016000 420 
0.016000 421 
0.016000 422 
0.016000 423 
0.016000 424 
0.016000 425 
0.016000 426 
0.016000 427 
0.016000 428 
0.016000 429 
0.016000 430 
0.016000 431 
0.016000 432 
0.016000 433 
0.016000 434 
0.016000 435 
0.016000 436 
0.016000 437 
0.016000 438 
0.016000 439 
0.016000 440 
0.016000 441 
0.016000 442 
0.016000 443 
0.016000 444 
0.016000 445 
0.016000 446 
0.016000 447 
0.016000 448 
0.016000 449 
0.016000 450 
0.016000 451 
0.016000 452 
0.016000 453 
0.016000 454 
0.016000 455 
0.016000 456 
0.016000 457 
0.016000 458 
0.016000 459 
0.016000 460 
0.016000 461 
0.016000 462 
0.016000 463 
0.016000 464 
0.016000 465 
0.016000 466 
0.016000 467 
0.016000 468 
0.016000 469 
0.016000 470 
0.016000 471 
0.016000 472 
0.016000 473 
0.016000 474 
0.016000 475 
0.016000 476 
0.016000 477 
0.016000 478 
0.016000 479 
0.016000 480 
0.016000 481 
0.016000 482 
0.016000 483 
0.016000 484 
0.016000 485 
0.016000 486 
0.016000 487 
0.016000 488 
0.016000 489 
0.016000 490 
0.016000 491 
0.016000 492 
0.016000 493 
0.016000 494 
0.016000 495 
0.016000 496 
0.016000 497 
0.016000 498 
0.016000 499 
0.016000 500 
0.016000 501 
0.016000 502 
0.016000 503 
0.016000 504 
0.016000 505 
0.016000 506 
0.016000 507 
0.016000 508 
0.016000 509 
0.016000 510 
0.016000 511 
0.016000 512 
0.016000 513 
0.016000 514 
0.016000 515 
0.016000 516 
0.016000 517 
0.016000 518 
0.016000 519 
0.016000 520 
0.016000 521 
0.016000 522 
0.016000 523 
0.016000 524 
0.016000 525 
0.016000 526 
0.016000 527 
0.016000 528 
0.016000 529 
0.016000 530 
0.016000 531 
0.016000 532 
0.016000 533 
0.016000 534 
0.016000 535 
0.016000 536 
0.016000 537 
0.016000 538 
0.016000 539 
0.016000 540 
0.016000 541 
0.016000 542 
0.016000 543 
0.016000 544 
0.016000 545 
0.016000 546 
0.016000 547 
0.016000 548 
0.016000 549 
0.016000 550 
0.016000 551 
0.016000 552 
0.016000 553 
0.016000 554 
0.016000 555 
0.016000 556 
0.016000 557 
0.016000 558 
0.016000 559 
0.016000 560 
0.016000 561 
0.016000 562 
0.016000 563 
0.016000 564 
0.016000 565 
0.016000 566 
0.016000 567 
0.016000 568 
0.016000 569 
0.016000 570 
0.016000 571 
0.016000 572 
0.016000 573 
0.016000 574 
0.016000 575 
0.016000 576 
0.016000 577 
0.016000 578 
0.016000 579 
0.016000 580 
0.016000 581 
0.016000 582 
0.016000 583 
0.016000 584 
0.016000 585 
0.016000 586 
0.016000 587 
0.016000 588 
0.016000 589 
0.016000 590 
0.016000 591 
0.016000 592 
0.016000 593 
0.016000 594 
0.016000 595 
0.016000 596 
0.016000 597 
0.016000 598 
0.016000 599 
0.016000 600 
0.016000 601 
0.016000 602 
0.016000 603 
0.016000 604 
0.016000 605 
0.016000 606 
0.016000 607 
0.016000 608 
0.016000 609 
0.016000 610 
0.016000 611 
0.016000 612 
0.016000 613 
0.016000 614 
0.016000 615 
0.016000 616 
0.016000 617 
0.016000 618 
0.016000 619 
0.016000 620 
0.016000 621 
0.016000 622 
0.016000 623 
0.016000 624 
0.016000 625 
0.016000 626 
0.016000 627 
0.016000 628 
0.016000 629 
0.016000 630 
0.016000 631 
0.016000 632 
0.016000 633 
0.016000 634 
0.016000 635 
0.016000 636 
0.016000 637 
0.016000 638 
0.016000 639 
0.016000 640 
0.016000 641 
0.016000 642 
0.016000 643 
0.016000 644 
0.016000 645 
0.016000 646 
0.016000 647 
0.016000 648 
0.016000 649 
0.016000 650 
0.016000 651 
0.016000 652 
0.016000 653 
0.016000 654 
0.016000 655 
0.016000 656 
0.016000 657 
0.016000 658 
0.016000 659 
0.016000 660 
0.016000 661 
0.016000 662 
0.016000 663 
0.016000 664 
0.016000 665 
0.016000 666 
0.016000 667 
0.016000 668 
0.016000 669 
0.016000 670 
0.016000 671 
0.016000 672 
0.016000 673 
0.016000 674 
0.016000 675 
0.016000 676 
0.016000 677 
0.016000 678 
0.016000 679 
0.016000 680 
0.016000 681 
0.016000 682 
0.016000 683 
0.016000 684 
0.016000 685 
0.016000 686 
0.016000 687 
0.016000 688 
0.016000 689 
0.016000 690 
0.016000 691 
0.016000 692 
0.016000 693 
0.016000 694 
0.016000 695 
0.016000 696 
0.016000 697 
0.016000 698 
0.016000 699 
0.016000 700 
0.016000 701 
0.016000 702 
0.016000 703 
0.016000 704 
0.016000 705 
0.016000 706 
0.016000 707 
0.016000 708 
0.016000 709 
0.016000 710 
0.016000 711 
0.016000 712 
0.016000 713 
0.016000 714 
0.016000 715 
0.016000 716 
0.016000 717 
0.016000 718 
0.016000 719 
0.016000 720 
0.016000 721 
0.016000 722 
0.016000 723 
0.016000 724 
0.016000 725 
0.016000 726 
0.016000 727 
0.016000 728 
0.016000 729 
0.016000 730 
0.016000 731 
0.016000 732 
0.016000 733 
0.016000 734 
0.016000 735 
0.016000 736 
0.016000 737 
0.016000 738 
0.016000 739 
0.016000 740 
0.016000 741 
0.016000 742 
0.016000 743 
0.016000 744 
0.016000 745 
0.016000 746 
0.016000 747 
0.016000 748 
0.016000 749 
0.016000 750 
0.016000 751 
0.016000 752 
0.016000 753 
0.016000 754 
0.016000 755 
0.016000 756 
0.016000 757 
0.016000 758 
0.016000 759 
0.016000 760 
0.016000 761 
0.016000 762 
0.016000 763 
0.016000 764 
0.016000 765 
0.016000 766 
0.016000 767 
0.016000 768 
0.016000 769 
0.016000 770 
0.016000 771 
0.016000 772 
0.016000 773 
0.016000 774 
0.016000 775 
0.016000 776 
0.016000 777 
0.016000 778 
0.016000 779 
0.016000 780 
0.016000 781 
0.016000 782 
0.016000 783 
0.016000 784 
0.016000 785 
0.016000 786 
0.016000 787 
0.016000 788 
0.016000 789 
0.016000 790 
0.016000 791 
0.016000 792 
0.016000 793 
0.016000 794 
0.016000 795 
0.016000 796 
0.016000 797 
0.016000 798 
0.016000 799 
0.016000 800 
0.016000 801 
0.016000 802 
0.016000 803 
0.016000 804 
0.016000 805 
0.016000 806 
0.016000 807 
0.016000 808 
0.016000 809 
0.016000 810 
0.016000 811 
0.016000 812 
0.016000 813 
0.016000 814 
0.016000 815 
0.016000 816 
0.016000 817 
0.016000 818 
0.016000 819 
0.016000 820 
0.016000 821 
0.016000 822 
0.016000 823 
0.016000 824 
0.016000 825 
0.016000 826 
0.016000 827 
0.016000 828 
0.016000 829 
0.016000 830 
0.016000 831 
0.016000 832 
0.016000 833 
0.016000 834 
0.016000 835 
0.016000 836 
0.016000 837 
0.016000 838 
0.016000 839 
0.016000 840 
0.016000 841 
0.016000 842 
0.016000 843 
0.016000 844 
0.016000 845 
0.016000 846 
0.016000 847 
0.016000 848 
0.016000 849 
0.016000 850 
0.016000 851 
0.016000 852 
0.016000 853 
0.016000 854 
0.016000 855 
0.016000 856 
0.016000 857 
0.016000 858 
0.016000 859 
0.016000 860 
0.016000 861 
0.016000 862 
0.016000 863 
0.016000 864 
0.016000 865 
0.016000 866 
0.016000 867 
0.016000 868 
0.016000 869 
0.016000 870 
0.016000 871 
0.016000 872 
0.016000 873 
0.016000 874 
0.016000 875 
0.016000 876 
0.016000 877 
0.016000 878 
0.016000 879 
0.016000 880 
0.016000 881 
0.016000 882 
0.016000 883 
0.016000 884 
0.016000 885 
0.016000 886 
0.016000 887 
0.016000 888 
0.016000 889 
0.016000 890 
0.016000 891 
0.016000 892 
0.016000 893 
0.016000 894 
0.016000 895 
0.016000 896 
0.016000 897 
0.016000 898 
0.016000 899 
0.016000 900 
0.016000 901 
0.016000 902 
0.016000 903 
0.016000 904 
0.016000 905 
0.016000 906 
0.016000 907 
0.016000 908 
0.016000 909 
0.016000 910 
0.016000 911 
0.016000 912 
0.016000 913 
0.016000 914 
0.016000 915 
0.016000 916 
0.016000 917 
0.016000 918 
0.016000 919 
0.016000 920 
0.016000 921 
0.016000 922 
0.016000 923 
0.016000 924 
0.016000 925 
0.016000 926 
0.016000 927 
0.016000 928 
0.016000 929 
0.016000 930 
0.016000 931 
0.016000 932 
0.016000 933 
0.016000 934 
0.016000 935 
0.016000 936 
0.016000 937 
0.016000 938 
0.016000 939 
0.016000 940 
0.016000 941 
0.016000 942 
0.016000 943 
0.016000 944 
0.016000 945 
0.016000 946 
0.016000 947 
0.016000 948 
0.016000 949 
0.016000 950 
0.016000 951 
0.016000 952 
0.016000 953 
0.016000 954 
0.016000 955 
0.016000 956 
0.016000 957 
0.016000 958 
0.016000 959 
0.016000 960 
0.016000 961 
0.016000 962 
0.016000 963 
0.016000 964 
0.016000 965 
0.016000 966 
0.016000 967 
0.016000 968 
0.016000 969 
0.016000 970 
0.016000 971 
0.016000 972 
0.016000 973 
0.016000 974 
0.016000 975 
0.016000 976 
0.016000 977 
0.016000 978 
0.016000 979 
0.016000 980 
0.016000 981 
0.016000 982 
0.016000 983 
0.016000 984 
0.016000 985 
0.016000 986 
0.016000 987 
0.016000 988 
0.016000 989 
0.016000 990 
0.016000 991 
0.016000 992 
0.016000 993 
0.016000 994 
0.016000 995 
0.016000 996 
0.016000 997 
0.016000 998 
0.016000 999 
0.016000 1000 
0.016000 1001 
0.016000 1002 
0.016000 1003 
0.016000 1004 
0.016000 1005 
0.016000 1006 
0.016000 1007 
0.016000 1008 
0.016000 1009 
0.016000 1010 
0.016000 1011 
0.016000 1012 
0.016000 1013 
0.016000 1014 
0.016000 1015 
0.016000 1016 
0.016000 1017 
0.016000 1018 
0.016000 1019 
0.016000 1020 
0.016000 1021 
0.016000 1022 
0.016000 1023 
0.016000 1024 
0.016000 1025 
0.016000 1026 
0.016000 1027 
0.016000 1028 
0.016000 1029 
0.016000 1030 
0.016000 1031 
0.016000 1032 
0.016000 1033 
0.016000 1034 
0.016000 1035 
0.016000 1036 
0.016000 1037 
0.016000 1038 
0.016000 1039 
0.016000 1040 
0.016000 1041 
0.016000 1042 
0.016000 1043 
0.016000 1044 
0.016000 1045 
0.016000 1046 
0.016000 1047 
0.016000 1048 
0.016000 1049 
0.016000 1050 
0.016000 1051 
0.016000 1052 
0.016000 1053 
0.016000 1054 
0.016000 1055 
0.016000 1056 
0.016000 1057 
0.016000 1058 
0.016000 1059 
0.016000 1060 
0.016000 1061 
0.016000 1062 
0.016000 1063 
0.016000 1064 
0.016000 1065 
0.016000 1066 
0.016000 1067 
0.016000 1068 
0.016000 1069 
0.016000 1070 
0.016000 1071 
0.016000 1072 
0.016000 1073 
0.016000 1074 
0.016000 1075 
0.016000 1076 
0.016000 1077 
0.016000 1078 
0.016000 1079 
0.016000 1080 
0.016000 1081 
0.016000 1082 
0.016000 1083 
0.016000 1084 
0.016000 1085 
0.016000 1086 
0.016000 1087 
0.016000 1088 
0.016000 1089 
0.016000 1090 
0.016000 1091 
0.016000 1092 
0.016000 1093 
0.016000 1094 
0.016000 1095 
0.016000 1096 
0.016000 1097 
0.016000 1098 
0.016000 1099 
0.016000 1100 
0.016000 1101 
0.016000 1102 
0.016000 1103 
0.016000 1104 
0.016000 1105 
0.016000 1106 
0.016000 1107 
0.016000 1108 
0.016000 1109 
0.016000 1110 
0.016000 1111 
0.016000 1112 
0.016000 1113 
0.016000 1114 
0.016000 1115 
0.016000 1116 
0.016000 1117 
0.016000 1118 
0.016000 1119 
0.016000 1120 
0.016000 1121 
0.016000 1122 
0.016000 1123 
0.016000 1124 
0.016000 1125 
0.016000 1126 
0.016000 1127 
0.016000 1128 
0.016000 1129 
0.016000 1130 
0.016000 1131 
0.016000 1132 
0.016000 1133 
0.016000 1134 
0.016000 1135 
0.016000 1136 
0.016000 1137 
0.016000 1138 
0.016000 1139 
0.016000 1140 
0.016000 1141 
0.016000 1142 
0.016000 1143 
0.016000 1144 
0.016000 1145 
0.016000 1146 
0.016000 1147 
0.016000 1148 
0.016000 1149 
0.016000 1150 
0.016000 1151 
0.016000 1152 
0.016000 1153 
0.016000 1154 
0.016000 1155 
0.016000 1156 
0.016000 1157 
0.016000 1158 
0.016000 1159 
0.016000 1160 
0.016000 1161 
0.016000 1162 
0.016000 1163 
0.016000 1164 
0.016000 1165 
0.016000 1166 
0.016000 1167 
0.016000 1168 
0.016000 1169 
0.016000 1170 
0.016000 1171 
0.016000 1172 
0.016000 1173 
0.016000 1174 
0.016000 1175 
0.016000 1176 
0.016000 1177 
0.016000 1178 
0.016000 1179 
0.016000 1180 
0.016000 1181 
0.016000 1182 
0.016000 1183 
0.016000 1184 
0.016000 1185 
0.016000 1186 
0.016000 1187 
0.016000 1188 
0.016000 1189 
0.016000 1190 
0.016000 1191 
0.016000 1192 
0.016000 1193 
0.016000 1194 
0.016000 1195 
0.016000 1196 
0.016000 1197 
0.016000 1198 
0.016000 1199 
0.016000 1200 
0.016000 1201 
0.016000 1202 
0.016000 1203 
0.016000 1204 
0.016000 1205 
0.016000 1206 
0.016000 1207 
0.016000 1208 
0.016000 1209 
0.016000 1210 
0.016000 1211 
0.016000 1212 
0.016000 1213 
0.016000 1214 
0.016000 1215 
0.016000 1216 
0.016000 1217 
0.016000 1218 
0.016000 1219 
0.016000 1220 
0.016000 1221 
0.016000 1222 
0.016000 1223 
0.016000 1224 
0.016000 1225 
0.016000 1226 
0.016000 1227 
0.016000 1228 
0.016000 1229 
0.016000 1230 
0.016000 1231 
0.016000 1232 
0.016000 1233 
0.016000 1234 
0.016000 1235 
0.016000 1236 
0.016000 1237 
0.016000 1238 
0.016000 1239 
0.016000 1240 
0.016000 1241 
0.016000 1242 
0.016000 1243 
0.016000 1244 
0.016000 1245 
0.016000 1246 
0.016000 1247 
0.016000 1248 
0.016000 1249 
0.016000 1250 
0.016000 1251 
0.016000 1252 
0.016000 1253 
0.016000 1254 
0.016000 1255 
0.016000 1256 
0.016000 1257 
0.016000 1258 
0.016000 1259 
0.016000 1260 
0.016000 1261 
0.016000 1262 
0.016000 1263 
0.016000 1264 
0.016000 1265 
0.016000 1266 
0.016000 1267 
0.016000 1268 
0.016000 1269 
0.016000 1270 
0.016000 1271 
0.016000 1272 
0.016000 1273 
0.016000 1274 
0.016000 1275 
0.016000 1276 
0.016000 1277 
0.016000 1278 
0.016000 1279 
0.016000 1280 
0.016000 1281 
0.016000 1282 
0.016000 1283 
0.016000 1284 
0.016000 1285 
0.016000 1286 
0.016000 1287 
0.016000 1288 
0.016000 1289 
0.016000 1290 
0.016000 1291 
0.016000 1292 
0.016000 1293 
0.016000 1294 
0.016000 1295 
0.016000 1296 
0.016000 1297 
0.016000 1298 
0.016000 1299 
0.016000 1300 
0.016000 1301 
0.016000 1302 
0.016000 1303 
0.016000 1304 
0.016000 1305 
0.016000 1306 
0.016000 1307 
0.016000 1308 
0.016000 1309 
0.016000 1310 
0.016000 1311 
0.016000 1312 
0.016000 1313 
0.016000 1314 
0.016000 1315 
0.016000 1316 
0.016000 1317 
0.016000 1318 
0.016000 1319 
0.016000 1320 
0.016000 1321 
0.016000 1322 
0.016000 1323 
0.016000 1324 
0.016000 1325 
0.016000 1326 
0.016000 1327 
0.016000 1328 
0.016000 1329 
0.016000 1330 
0.016000 1331 
0.016000 1332 
0.016000 1333 
0.016000 1334 
0.016000 1335 
0.016000 1336 
0.016000 1337 
0.016000 1338 
0.016000 1339 
0.016000 1340 
0.016000 1341 
0.016000 1342 
0.016000 1343 
0.016000 1344 
0.016000 1345 
0.016000 1346 
0.016000 1347 
0.016000 1348 
0.016000 1349 
0.016000 1350 
0.016000 1351 
0.016000 1352 
0.016000 1353 
0.016000 1354 
0.016000 1355 
0.016000 1356 
0.016000 1357 
0.016000 1358 
0.016000 1359 
0.016000 1360 
0.016000 1361 
0.016000 1362 
0.016000 1363 
0.016000 1364 
0.016000 1365 
0.016000 1366 
0.016000 1367 
0.016000 1368 
0.016000 1369 
0.016000 1370 
0.016000 1371 
0.016000 1372 
0.016000 1373 
0.016000 1374 
0.016000 1375 
0.016000 1376 
0.016000 1377 
0.016000 1378 
0.016000 1379 
0.016000 1380 
0.016000 1381 
0.016000 1382 
0.016000 1383 
0.016000 1384 
0.016000 1385 
0.016000 1386 
0.016000 1387 
0.016000 1388 
0.016000 1389 
0.016000 1390 
0.016000 1391 
0.016000 1392 
0.016000 1393 
0.016000 1394 
0.016000 1395 
0.016000 1396 
0.016000 1397 
0.016000 1398 
0.016000 1399 
0.016000 1400 
0.016000 1401 
0.016000 1402 
0.016000 1403 
0.016000 1404 
0.016000 1405 
0.016000 1406 
0.016000 1407 
0.016000 1408 
0.016000 1409 
0.016000 1410 
0.016000 1411 
0.016000 1412 
0.016000 1413 
0.016000 1414 
0.016000 1415 
0.016000 1416 
0.016000 1417 
0.016000 1418 
0.016000 1419 
0.016000 1420 
0.016000 1421 
0.016000 1422 
0.016000 1423 
0.016000 1424 
0.016000 1425 
0.016000 1426 
0.016000 1427 
0.016000 1428 
0.016000 1429 
0.016000 1430 
0.016000 1431 
0.016000 1432 
0.016000 1433 
0.016000 1434 
0.016000 1435 
0.016000 1436 
0.016000 1437 
0.016000 1438 
0.016000 1439 
0.016000 1440 
0.016000 1441 
0.016000 1442 
0.016000 1443 
0.016000 1444 
0.016000 1445 
0.016000 1446 
0.016000 1447 
0.016000 1448 
0.016000 1449 
0.016000 1450 
0.016000 1451 
0.016000 1452 
0.016000 1453 
0.016000 1454 
0.016000 1455 
0.016000 1456 
0.016000 1457 
0.016000 1458 
0.016000 1459 
0.016000 1460 
0.016000 1461 
0.016000 1462 
0.016000 1463 
0.016000 1464 
0.016000 1465 
0.016000 1466 
0.016000 1467 
0.016000 1468 
0.016000 1469 
0.016000 1470 
0.016000 1471 
0.016000 1472 
0.016000 1473 
0.016000 1474 
0.016000 1475 
0.016000 1476 
0.016000 1477 
0.016000 1478 
0.016000 1479 
0.016000 1480 
0.016000 1481 
0.016000 1482 
0.016000 1483 
0.016000 1484 
0.016000 1485 
0.016000 1486 
0.016000 1487 
0.016000 1488 
0.016000 1489 
0.016000 1490 
0.016000 1491 
0.016000 1492 
0.016000 1493 
0.016000 1494 
0.016000 1495 
0.016000 1496 
0.016000 1497 
0.016000 1498 
0.016000 1499 
0.016000 1500 
0.016000 1501 
0.016000 1502 
0.016000 1503 
0.016000 1504 
0.016000 1505 
0.016000 1506 
0.016000 1507 
0.016000 1508 
0.016000 1509 
0.016000 1510 
0.016000 1511 
0.016000 1512 
0.016000 1513 
0.016000 1514 
0.016000 1515 
0.016000 1516 
0.016000 1517 
0.016000 1518 
0.016000 1519 
0.016000 1520 
0.016000 1521 
0.016000 1522 
0.016000 1523 
0.016000 1524 
0.016000 1525 
0.016000 1526 
0.016000 1527 
0.016000 1528 
0.016000 1529 
0.016000 1530 
0.016000 1531 
0.016000 1532 
0.016000 1533 
0.016000 1534 
0.016000 1535 
0.016000 1536 
0.016000 1537 
0.016000 1538 
0.016000 1539 
0.016000 1540 
0.016000 1541 
0.016000 1542 
0.016000 1543 
0.016000 1544 
0.016000 1545 
0.016000 1546 
0.016000 1547 
0.016000 1548 
0.016000 1549 
0.016000 1550 
0.016000 1551 
0.016000 1552 
0.016000 1553 
0.016000 1554 
0.016000 1555 
0.016000 1556 
0.016000 1557 
0.016000 1558 
0.016000 1559 
0.016000 1560 
0.016000 1561 
0.016000 1562 
0.016000 1563 
0.016000 1564 
0.016000 1565 
0.016000 1566 
0.016000 1567 
0.016000 1568 
0.016000 1569 
0.016000 1570 
0.016000 1571 
0.016000 1572 
0.016000 1573 
0.016000 1574 
0.016000 1575 
0.016000 1576 
0.016000 1577 
0.016000 1578 
0.016000 1579 
0.016000 1580 
0.016000 1581 
0.016000 1582 
0.016000 1583 
0.016000 1584 
0.016000 1585 
0.016000 1586 
0.016000 1587 
0.016000 1588 
0.016000 1589 
0.016000 1590 
0.016000 1591 
0.016000 1592 
0.016000 1593 
0.016000 1594 
0.016000 1595 
0.016000 1596 
0.016000 1597 
0.016000 1598 
0.016000 1599 
0.016000 1600 
0.016000 1601 
0.016000 1602 
0.016000 1603 
0.016000 1604 
0.016000 1605 
0.016000 1606 
0.016000 1607 
0.016000 1608 
0.016000 1609 
0.016000 1610 
0.016000 1611 
0.016000 1612 
0.016000 1613 
0.016000 1614 
0.016000 1615 
0.016000 1616 
0.016000 1617 
0.016000 1618 
0.016000 1619 
0.016000 1620 
0.016000 1621 
0.016000 1622 
0.016000 1623 
0.016000 1624 
0.016000 1625 
0.016000 1626 
0.016000 1627 
0.016000 1628 
0.016000 1629 
0.016000 1630 
0.016000 1631 
0.016000 1632 
0.016000 1633 
0.016000 1634 
0.016000 1635 
0.016000 1636 
0.016000 1637 
0.016000 1638 
0.016000 1639 
0.016000 1640 
0.016000 1641 
0.016000 1642 
0.016000 1643 
0.016000 1644 
0.016000 1645 
0.016000 1646 
0.016000 1647 
0.016000 1648 
0.016000 1649 
0.016000 1650 
0.016000 1651 
0.016000 1652 
0.016000 1653 
0.016000 1654 
0.016000 1655 
0.016000 1656 
0.016000 1657 
0.016000 1658 
0.016000 1659 
0.016000 1660 
0.016000 1661 
0.016000 1662 
0.016000 1663 
0.016000 1664 
0.016000 1665 
0.016000 1666 
0.016000 1667 
0.016000 1668 
0.016000 1669 
0.016000 1670 
0.016000 1671 
0.016000 1672 
0.016000 1673 
0.016000 1674 
0.016000 1675 
0.016000 1676 
0.016000 1677 
0.016000 1678 
0.016000 1679 
0.016000 1680 
0.016000 1681 
0.016000 1682 
0.016000 1683 
0.016000 1684 
0.016000 1685 
0.016000 1686 
0.016000 1687 
0.016000 1688 
0.016000 1689 
0.016000 1690 
0.016000 1691 
0.016000 1692 
0.016000 1693 
0.016000 1694 
0.016000 1695 
0.016000 1696 
0.016000 1697 
0.016000 1698 
0.016000 1699 
0.016000 1700 
0.016000 1701 
0.016000 1702 
0.016000 1703 
0.016000 1704 
0.016000 1705 
0.016000 1706 
0.016000 1707 
0.016000 1708 
0.016000 1709 
0.016000 1710 
0.016000 1711 
0.016000 1712 
0.016000 1713 
0.016000 1714 
0.016000 1715 
0.016000 1716 
0.016000 1717 
0.016000 1718 
0.016000 1719 
0.016000 1720 
0.016000 1721 
0.016000 1722 
0.016000 1723 
0.016000 1724 
0.016000 1725 
0.016000 1726 
0.016000 1727 
0.016000 1728 
0.016000 1729 
0.016000 1730 
0.016000 1731 
0.016000 1732 
0.016000 1733 
0.016000 1734 
0.016000 1735 
0.016000 1736 
0.016000 1737 
0.016000 1738 
0.016000 1739 
0.016000 1740 
0.016000 1741 
0.016000 1742 
0.016000 1743 
0.016000 1744 
0.016000 1745 
0.016000 1746 
0.016000 1747 
0.016000 1748 
0.016000 1749 
0.016000 1750 
0.016000 1751 
0.016000 1752 
0.016000 1753 
0.016000 1754 
0.016000 1755 
0.016000 1756 
0.016000 1757 
0.016000 1758 
0.016000 1759 
0.016000 1760 
0.016000 1761 
0.016000 1762 
0.016000 1763 
0.016000 1764 
0.016000 1765 
0.016000 1766 
0.016000 1767 
0.016000 1768 
0.016000 1769 
0.016000 1770 
0.016000 1771 
0.016000 1772 
0.016000 1773 
0.016000 1774 
0.016000 1775 
0.016000 1776 
0.016000 1777 
0.016000 1778 
0.016000 1779 
0.016000 1780 
0.016000 1781 
0.016000 1782 
0.016000 1783 
0.016000 1784 
0.016000 1785 
0.016000 1786 
0.016000 1787 
0.016000 1788 
0.016000 1789 
0.016000 1790 
0.016000 1791 
0.016000 1792 
0.016000 1793 
0.016000 1794 
0.016000 1795 
0.016000 1796 
0.016000 1797 
0.016000 1798 
0.016000 1799 
0.016000 1800 
0.016000 1801 
0.016000 1802 
0.016000 1803 
0.016000 1804 
0.016000 1805 
0.016000 1806 
0.016000 1807 
0.016000 1808 
0.016000 1809 
0.016000 1810 
0.016000 1811 
0.016000 1812 
0.016000 1813 
0.016000 1814 
0.016000 1815 
0.016000 1816 
0.016000 1817 
0.016000 1818 
0.016000 1819 
0.016000 1820 
0.016000 1821 
0.016000 1822 
0.016000 1823 
0.016000 1824 
0.016000 1825 
0.016000 1826 
0.016000 1827 
0.016000 1828 
0.016000 1829 
0.016000 1830 
0.016000 1831 
0.016000 1832 
0.016000 1833 
0.016000 1834 
0.016000 1835 
0.016000 1836 
0.016000 1837 
0.016000 1838 
0.016000 1839 
0.016000 1840 
0.016000 1841 
0.016000 1842 
0.016000 1843 
0.016000 1844 
0.016000 1845 
0.016000 1846 
0.016000 1847 
0.016000 1848 
0.016000 1849 
0.016000 1850 
0.016000 1851 
0.016000 1852 
0.016000 1853 
0.016000 1854 
0.016000 1855 
0.016000 1856 
0.016000 1857 
0.016000 1858 
0.016000 1859 
0.016000 1860 
0.016000 1861 
0.016000 1862 
0.016000 1863 
0.016000 1864 
0.016000 1865 
0.016000 1866 
0.016000 1867 
0.016000 1868 
0.016000 1869 
0.016000 1870 
0.016000 1871 
0.016000 1872 
0.016000 1873 
0.016000 1874 
0.016000 1875 
0.016000 1876 
0.016000 1877 
0.016000 1878 
0.016000 1879 
0.016000 1880 
0.016000 1881 
0.016000 1882 
0.016000 1883 
0.016000 1884 
0.016000 1885 
0.016000 1886 
0.016000 1887 
0.016000 1888 
0.016000 1889 
0.016000 1890 
0.016000 1891 
0.016000 1892 
0.016000 1893 
0.016000 1894 
0.016000 1895 
0.016000 1896 
0.016000 1897 
0.016000 1898 
0.016000 1899 
0.016000 1900 
0.016000 1901 
0.016000 1902 
0.016000 1903 
0.016000 1904 
0.016000 1905 
0.016000 1906 
0.016000 1907 
0.016000 1908 
0.016000 1909 
0.016000 1910 
0.016000 1911 
0.016000 1912 
0.016000 1913 
0.016000 1914 
0.016000 1915 
0.016000 1916 
0.016000 1917 
0.016000 1918 
0.016000 1919 
0.016000 1920 
0.016000 1921 
0.016000 1922 
0.016000 1923 
0.016000 1924 
0.016000 1925 
0.016000 1926 
0.016000 1927 
0.016000 1928 
0.016000 1929 
0.016000 1930 
0.016000 1931 
0.016000 1932 
0.016000 1933 
0.016000 1934 
0.016000 1935 
0.016000 1936 
0.016000 1937 
0.016000 1938 
0.016000 1939 
0.016000 1940 
0.016000 1941 
0.016000 1942 
0.016000 1943 
0.016000 1944 
0.016000 1945 
0.016000 1946 
0.016000 1947 
0.016000 1948 
0.016000 1949 
0.016000 1950 
0.016000 1951 
0.016000 1952 
0.016000 1953 
0.016000 1954 
0.016000 1955 
0.016000 1956 
0.016000 1957 
0.016000 1958 
0.016000 1959 
0.016000 1960 
0.016000 1961 
0.016000 1962 
0.016000 1963 
0.016000 1964 
0.016000 1965 
0.016000 1966 
0.016000 1967 
0.016000 1968 
0.016000 1969 
0.016000 1970 
0.016000 1971 
0.016000 1972 
0.016000 1973 
0.016000 1974 
0.016000 1975 
0.016000 1976 
0.016000 1977 
0.016000 1978 
0.016000 1979 
0.016000 1980 
0.016000 1981 
0.016000 1982 
0.016000 1983 
0.016000 1984 
0.016000 1985 
0.016000 1986 
0.016000 1987 
0.016000 1988 
0.016000 1989 
0.016000 1990 
0.016000 1991 
0.016000 1992 
0.016000 1993 
0.016000 1994 
0.016000 1995 
0.016000 1996 
0.016000 1997 
0.016000 1998 
0.016000 1999 
